00000001001011000111111110110011
00000001001011000111111110110011
00000001001011000111111110110011
00000001001011000111111110110011
00000001001011000111111110110011
00000001001011000111111110110011
00000001001011000111111110110011
00000001001011000111111110110011
00000001001011000111111110110011
00000001001011000111111110110011
00000001001011000111111110110011
00000001001011000111111110110011
00000001001011000111111110110011
00000001001011000111111110110011
00000001001011000111111110110011
00000001001011000111111110110011
00000001001011000111111110110011
00000001001011000111111110110011
00000001001011000111111110110011
00000001001011000111111110110011
00000001001011000111111110110011
00000001001011000111111110110011
00000001001011000111111110110011
00000001001011000111111110110011
00000001001011000111111110110011
